0 0 
0.0719619 0.0931903 
0.0875119 0.114917 
0.0943559 0.124536 
0.105901 0.14715 
0.121562 0.167424 
0.123401 0.175361 
0.134763 0.194604 
0.146433 0.21573 
0.158371 0.237045 
0.164079 0.247806 
0.17835 0.270023 
0.181455 0.278419 
0.197292 0.298502 
0.20597 0.316976 
0.22905 0.330026 
0.238363 0.348249 
0.249707 0.372417 
0.26477 0.390825 
0.278429 0.410011 
0.286721 0.428091 
0.300902 0.449956 
0.304832 0.459861 
0.318671 0.483269 
0.330167 0.497711 
0.340858 0.522035 
0.34582 0.539055 
0.358291 0.561646 
0.369582 0.586605 
0.38736 0.605809 
0.402652 0.62331 
0.411684 0.645338 
0.416357 0.667721 
0.420363 0.68473 
0.436215 0.706569 
0.456802 0.72271 
0.464451 0.740175 
0.475947 0.758298 
0.483959 0.778501 
0.499388 0.800346 
0.516717 0.801464 
0.539737 0.803051 
0.554494 0.811129 
0.581472 0.813363 
0.603036 0.820137 
0.617433 0.826748 
0.642491 0.832231 
0.665691 0.845027 
0.683027 0.86441 
0.701769 0.873586 
0.724023 0.885538 
0.748622 0.897856 
0.76832 0.911062 
0.783388 0.91883 
0.80364 0.931692 
0.827146 0.944461 
0.841449 0.95119 
0.86494 0.963889 
0.890586 0.97047 
0.908296 0.975859 
0.934005 0.982283 
0.956645 0.990813 
1 1 
